#(carId,StartTime,RoadId...)
(10000, 1, 5024, 5025, 5031, 5042, 5053)
(10001, 108, 5030, 5041, 5052)
(10002, 215, 5016, 5027, 5038, 5049)
(10003, 322, 5052, 5041, 5030, 5019, 5013, 5012, 5011)
(10004, 429, 5030, 5019, 5008, 5002, 5001)
(10005, 429, 5028, 5017, 5006)
(10006, 429, 5029, 5018, 5007, 5001)
(10007, 429, 5031, 5020, 5009, 5003, 5002, 5001)
(10008, 536, 5049, 5038, 5027, 5016, 5005)
(10009, 643, 5043, 5032, 5021, 5015, 5014, 5013, 5012)
(10010, 429, 5051, 5040, 5029, 5018, 5007, 5001)
(10011, 750, 5029, 5040, 5051)
(10012, 429, 5029, 5018, 5007, 5001)
(10013, 857, 5053, 5042, 5031, 5020, 5015)
(10014, 964, 5025, 5026, 5032, 5043, 5054)
(10015, 1071, 5000, 5001, 5002, 5008, 5019, 5030, 5041)
(10016, 536, 5030, 5019, 5008, 5002, 5001, 5000)
(10017, 1178, 5012, 5017, 5028, 5039, 5050)
(10018, 215, 5027, 5038, 5049)
(10019, 1, 5024, 5025, 5031, 5042, 5053)
(10020, 1285, 5040, 5029, 5018, 5007, 5002, 5003)
(10021, 1, 5015, 5020, 5031, 5042, 5053)
(10022, 1392, 5003, 5004, 5010, 5021, 5032, 5043)
(10023, 429, 5029, 5018, 5007, 5001)
(10024, 1285, 5038, 5027, 5016, 5005, 5000, 5001, 5002, 5003)
(10025, 1499, 5053, 5042, 5031, 5025)
(10026, 322, 5039, 5028, 5017, 5011)
(10027, 964, 5032, 5043, 5054)
(10028, 1, 5003, 5009, 5020, 5031, 5042, 5053)
(10029, 964, 5032, 5043, 5054)
(10030, 429, 5039, 5028, 5017, 5006)
(10031, 1285, 5050, 5039, 5028, 5017, 5006, 5001, 5002, 5003)
(10032, 108, 5012, 5013, 5019, 5030, 5041, 5052)
(10033, 1606, 5051, 5040, 5029, 5018, 5007, 5002, 5003, 5004)
(10034, 1713, 5001, 5002, 5003, 5009, 5020, 5031)
(10035, 1820, 5005, 5016, 5027)
(10036, 1178, 5011, 5017, 5028, 5039, 5050)
(10037, 536, 5027, 5016, 5005)
(10038, 1606, 5053, 5042, 5031, 5020, 5009, 5004)
(10039, 964, 5015, 5021, 5032, 5043, 5054)
(10040, 1606, 5049, 5038, 5027, 5016, 5005, 5000, 5001, 5002, 5003, 5004)
(10041, 108, 5030, 5041, 5052)
(10042, 1927, 5049, 5038, 5027, 5016, 5011, 5012)
(10043, 1927, 5040, 5029, 5018)
(10044, 429, 5031, 5020, 5009, 5003, 5002, 5001)
(10045, 2034, 5001, 5002, 5003, 5009, 5020, 5031, 5042)
(10046, 536, 5030, 5019, 5008, 5002, 5001, 5000)
(10047, 108, 5030, 5041, 5052)
(10048, 215, 5005, 5016, 5027, 5038, 5049)
(10049, 1713, 5003, 5009, 5020, 5031)
(10050, 108, 5024, 5030, 5041, 5052)
(10051, 1392, 5013, 5014, 5015, 5021, 5032, 5043)
(10052, 1178, 5028, 5039, 5050)
(10053, 1392, 5013, 5014, 5015, 5021, 5032, 5043)
(10054, 1, 5012, 5013, 5014, 5020, 5031, 5042, 5053)
(10055, 2141, 5001, 5002, 5008, 5019, 5030)
(10056, 1, 5025, 5031, 5042, 5053)
(10057, 2248, 5049, 5038, 5027, 5016, 5011, 5012, 5013)
(10058, 2355, 5032, 5021, 5010, 5004, 5003)
(10059, 2034, 5003, 5009, 5020, 5031, 5042)
(10060, 964, 5023, 5024, 5025, 5026, 5032, 5043, 5054)
(10061, 108, 5015, 5014, 5019, 5030, 5041, 5052)
(10062, 2141, 5008, 5019, 5030)
(10063, 750, 5022, 5023, 5029, 5040, 5051)
(10064, 536, 5031, 5020, 5009, 5003, 5002, 5001, 5000)
(10065, 215, 5001, 5000, 5005, 5016, 5027, 5038, 5049)
(10066, 322, 5053, 5042, 5031, 5020, 5014, 5013, 5012, 5011)
(10067, 964, 5032, 5043, 5054)
(10068, 750, 5004, 5003, 5002, 5007, 5018, 5029, 5040, 5051)
(10069, 1178, 5012, 5017, 5028, 5039, 5050)
(10070, 964, 5025, 5026, 5032, 5043, 5054)
(10071, 1499, 5053, 5042, 5031, 5025)
(10072, 429, 5052, 5041, 5030, 5019, 5008, 5002, 5001)
(10073, 429, 5031, 5020, 5009, 5003, 5002, 5001)
(10074, 2462, 5051, 5040, 5029, 5023)
(10075, 964, 5026, 5032, 5043, 5054)
(10076, 429, 5051, 5040, 5029, 5018, 5007, 5001)
(10077, 2569, 5007, 5018, 5029, 5040)
(10078, 1178, 5001, 5006, 5017, 5028, 5039, 5050)
(10079, 108, 5024, 5030, 5041, 5052)
(10080, 429, 5032, 5021, 5010, 5004, 5003, 5002, 5001)
(10081, 1071, 5013, 5019, 5030, 5041)
(10082, 536, 5040, 5029, 5018, 5007, 5001, 5000)
(10083, 1606, 5054, 5043, 5032, 5021, 5010)
(10084, 1392, 5014, 5015, 5021, 5032, 5043)
(10085, 857, 5052, 5041, 5030, 5019, 5014, 5015)
(10086, 2676, 5038, 5027, 5016, 5005, 5000, 5001)
(10087, 536, 5029, 5018, 5007, 5001, 5000)
(10088, 964, 5032, 5043, 5054)
(10089, 2676, 5030, 5019, 5008, 5002)
(10090, 1713, 5003, 5009, 5020, 5031)
(10091, 1285, 5053, 5042, 5031, 5020, 5009)
(10092, 322, 5040, 5029, 5018, 5012, 5011)
(10093, 536, 5027, 5016, 5005)
(10094, 2355, 5030, 5019, 5008)
(10095, 1606, 5032, 5021, 5010)
(10096, 2462, 5052, 5041, 5030, 5024, 5023)
(10097, 1, 5023, 5024, 5025, 5031, 5042, 5053)
(10098, 1392, 5021, 5032, 5043)
(10099, 857, 5054, 5043, 5032, 5021)
(10100, 1178, 5028, 5039, 5050)
(10101, 215, 5011, 5016, 5027, 5038, 5049)
(10102, 429, 5028, 5017, 5006)
(10103, 964, 5000, 5001, 5002, 5003, 5004, 5010, 5021, 5032, 5043, 5054)
(10104, 750, 5018, 5029, 5040, 5051)
(10105, 964, 5025, 5026, 5032, 5043, 5054)
(10106, 322, 5039, 5028, 5017, 5011)
(10107, 750, 5003, 5002, 5007, 5018, 5029, 5040, 5051)
(10108, 322, 5038, 5027, 5016)
(10109, 1178, 5028, 5039, 5050)
(10110, 1392, 5015, 5021, 5032, 5043)
(10111, 2248, 5050, 5039, 5028, 5017, 5012, 5013)
(10112, 964, 5026, 5032, 5043, 5054)
(10113, 1285, 5038, 5027, 5016, 5005, 5000, 5001, 5002, 5003)
(10114, 1392, 5011, 5012, 5013, 5014, 5015, 5021, 5032, 5043)
(10115, 2783, 5006, 5017, 5028, 5039)
(10116, 429, 5041, 5030, 5019, 5008, 5002, 5001)
(10117, 750, 5023, 5029, 5040, 5051)
(10118, 2783, 5011, 5017, 5028, 5039)
(10119, 536, 5039, 5028, 5017, 5006, 5000)
(10120, 429, 5028, 5017, 5006)
(10121, 322, 5051, 5040, 5029, 5018, 5012, 5011)
(10122, 215, 5011, 5016, 5027, 5038, 5049)
(10123, 2890, 5053, 5042, 5031, 5020)
(10124, 1285, 5041, 5030, 5019, 5008, 5003)
(10125, 1, 5014, 5020, 5031, 5042, 5053)
(10126, 1, 5009, 5020, 5031, 5042, 5053)
(10127, 429, 5028, 5017, 5006)
